# A_ksz H0 HMCode_logT_AGN Pk1 Pk10 Pk11 Pk2 Pk3 Pk4 Pk5 Pk6 Pk7 Pk8 Pk9 n_ksz ombh2 omch2 tau
1.370208600693648681e+07 -7.906711937419058813e+04 -4.299055980863166042e+05 2.564661320572150391e+12 3.335424688888559375e+13 3.784106275662259766e+12 6.721631441644546875e+13 1.610410851566441250e+14 6.922980219364442500e+14 7.334833529866745000e+14 3.987149761753562500e+14 5.559445107826166875e+14 7.889245909319308750e+14 2.692016039222315312e+14 1.625787084839175828e+07 -4.930682362871142104e+06 6.707088631484087557e+07 -7.836449042303661816e+06
-7.906711937419058813e+04 4.786749346415565014e+03 4.894081399863121078e+03 -2.939307719910276794e+10 -1.489423130765279846e+11 -1.633039767395593262e+10 -6.912363485493586426e+11 -1.601058817532923584e+12 -9.876140460645099609e+12 -4.621098116913362500e+13 -3.058952664625644531e+13 -8.815157279159371094e+12 -6.079052411500929688e+12 -1.333907821883736084e+12 -6.822533837123149715e+04 -8.264219637485028245e+06 4.244224382854476571e+05 3.170367964672527160e+05
-4.299055980863166042e+05 4.894081399863121078e+03 6.872999129644130880e+04 -1.115994233049953003e+11 -9.357595328371643066e+11 -1.031585027691929932e+11 -2.797302048839794922e+12 -6.769603055404213867e+12 -3.032029750653407031e+13 -4.094947548492186719e+13 -4.366167958765624219e+13 -3.902937492937856250e+13 -3.326009917209323047e+13 -8.164018049846165039e+12 -4.263765571049452992e+05 -9.628411322277697036e+05 -3.983848826088913251e+06 3.883757543430264923e+05
2.564661320572150391e+12 -2.939307719910276794e+10 -1.115994233049953003e+11 4.890204251259237827e+20 5.160950207733392384e+18 5.706623019189132160e+17 2.849628731208571617e+20 8.934171300359356416e+19 2.286236194775089480e+20 3.829434679751949681e+20 2.379017964975107277e+20 1.797870719592258601e+20 1.742722968401382277e+20 4.468676651498596762e+19 2.541029051078271484e+12 3.087382658770412500e+13 1.473272278425694531e+13 -6.551530976820998047e+12
3.335424688888559375e+13 -1.489423130765279846e+11 -9.357595328371643066e+11 5.160950207733392384e+18 1.162874474183324303e+20 1.346472559439949824e+19 1.353099148365173064e+20 3.232930965541898158e+20 1.376971879072545636e+21 1.336426553387771757e+21 5.433534774863228436e+20 8.755433487324560753e+20 1.785363666531334488e+21 8.649044110358001746e+20 4.369099769189847656e+13 -8.062298425839195312e+13 1.555355236833441250e+14 -1.431344440826113281e+13
3.784106275662259766e+12 -1.633039767395593262e+10 -1.031585027691929932e+11 5.706623019189132160e+17 1.346472559439949824e+19 1.589308858628891392e+18 1.495576373931970970e+19 3.572554676068423680e+19 1.519211404366886339e+20 1.453754524750891909e+20 5.879284379227445658e+19 9.232237792497033216e+19 1.969371472985008046e+20 9.951709335174876365e+19 5.022991179053708008e+12 -9.106077967526841797e+12 1.715478395198666211e+13 -1.573590826257494141e+12
6.721631441644546875e+13 -6.912363485493586426e+11 -2.797302048839794922e+12 2.849628731208571617e+20 1.353099148365173064e+20 1.495576373931970970e+19 3.455085624894036115e+21 2.422017747700701725e+21 4.954868296768362119e+21 6.373833626799708307e+21 5.194634425713010147e+21 4.501208952503357407e+21 4.540106990240440254e+21 1.171071850071959798e+21 6.686577939669430469e+13 5.277897582370055000e+14 3.823491842653363125e+14 -8.268407359281128125e+13
1.610410851566441250e+14 -1.601058817532923584e+12 -6.769603055404213867e+12 8.934171300359356416e+19 3.232930965541898158e+20 3.572554676068423680e+19 2.422017747700701725e+21 2.364142561518133916e+22 2.020990721752049910e+22 1.601750782917086911e+22 1.311852219838647973e+22 1.087831101557136425e+22 1.089403862834362922e+22 2.800287605018745897e+21 1.597563520208509375e+14 1.017870735366985625e+14 8.312487230009858750e+14 -2.735238220112975938e+14
6.922980219364442500e+14 -9.876140460645099609e+12 -3.032029750653407031e+13 2.286236194775089480e+20 1.376971879072545636e+21 1.519211404366886339e+20 4.954868296768362119e+21 2.020990721752049910e+22 2.310324891853359583e+23 1.178027221316030620e+23 6.927342159988502456e+22 4.899208740214661343e+22 4.739159092257684141e+22 1.197667847109848806e+22 6.782106417839378750e+14 5.493701016959411000e+15 3.426426178651817500e+15 -1.628726206315714500e+15
7.334833529866745000e+14 -4.621098116913362500e+13 -4.094947548492186719e+13 3.829434679751949681e+20 1.336426553387771757e+21 1.453754524750891909e+20 6.373833626799708307e+21 1.601750782917086911e+22 1.178027221316030620e+23 1.144653962145183467e+24 2.604697509945319526e+23 6.927791784262243870e+22 5.220322267034072960e+22 1.190172492164652597e+22 6.501671182879097500e+14 1.136035651835942720e+17 -5.335631467224595000e+15 -5.771567987519642000e+15
3.987149761753562500e+14 -3.058952664625644531e+13 -4.366167958765624219e+13 2.379017964975107277e+20 5.433534774863228436e+20 5.879284379227445658e+19 5.194634425713010147e+21 1.311852219838647973e+22 6.927342159988502456e+22 2.604697509945319526e+23 4.106865939186948128e+23 8.801378685677577070e+22 3.766046683415547006e+22 5.495503225410562294e+21 2.122175542916951250e+14 6.976841796780216800e+16 2.014018097998336250e+15 -2.502274785092854500e+15
5.559445107826166875e+14 -8.815157279159371094e+12 -3.902937492937856250e+13 1.797870719592258601e+20 8.755433487324560753e+20 9.232237792497033216e+19 4.501208952503357407e+21 1.087831101557136425e+22 4.899208740214661343e+22 6.927791784262243870e+22 8.801378685677577070e+22 7.539265303037005215e+22 4.976505101550436221e+22 8.587960651198612111e+21 4.503531900648352500e+14 3.365694167965723500e+15 6.618602219208240000e+15 -6.810408888214513750e+14
7.889245909319308750e+14 -6.079052411500929688e+12 -3.326009917209323047e+13 1.742722968401382277e+20 1.785363666531334488e+21 1.969371472985008046e+20 4.540106990240440254e+21 1.089403862834362922e+22 4.739159092257684141e+22 5.220322267034072960e+22 3.766046683415547006e+22 4.976505101550436221e+22 5.706730563321311370e+22 1.545472798805309627e+22 8.318756871365812500e+14 -6.500315637434027500e+14 5.430136279501991000e+15 -5.460494871669026250e+14
2.692016039222315312e+14 -1.333907821883736084e+12 -8.164018049846165039e+12 4.468676651498596762e+19 8.649044110358001746e+20 9.951709335174876365e+19 1.171071850071959798e+21 2.800287605018745897e+21 1.197667847109848806e+22 1.190172492164652597e+22 5.495503225410562294e+21 8.587960651198612111e+21 1.545472798805309627e+22 6.631474349839331885e+21 3.393096239842341875e+14 -6.027554221732297500e+14 1.349391518564834250e+15 -1.268517184294177031e+14
1.625787084839175828e+07 -6.822533837123149715e+04 -4.263765571049452992e+05 2.541029051078271484e+12 4.369099769189847656e+13 5.022991179053708008e+12 6.686577939669430469e+13 1.597563520208509375e+14 6.782106417839378750e+14 6.501671182879097500e+14 2.122175542916951250e+14 4.503531900648352500e+14 8.318756871365812500e+14 3.393096239842341875e+14 2.104487102317968011e+07 -3.532099453244227916e+07 6.894598919834171236e+07 -6.974139686145489104e+06
-4.930682362871142104e+06 -8.264219637485028245e+06 -9.628411322277697036e+05 3.087382658770412500e+13 -8.062298425839195312e+13 -9.106077967526841797e+12 5.277897582370055000e+14 1.017870735366985625e+14 5.493701016959411000e+15 1.136035651835942720e+17 6.976841796780216800e+16 3.365694167965723500e+15 -6.500315637434027500e+14 -6.027554221732297500e+14 -3.532099453244227916e+07 2.538666889304702759e+10 -2.693502250058678627e+09 -7.374285623265721798e+08
6.707088631484087557e+07 4.244224382854476571e+05 -3.983848826088913251e+06 1.473272278425694531e+13 1.555355236833441250e+14 1.715478395198666211e+13 3.823491842653363125e+14 8.312487230009858750e+14 3.426426178651817500e+15 -5.335631467224595000e+15 2.014018097998336250e+15 6.618602219208240000e+15 5.430136279501991000e+15 1.349391518564834250e+15 6.894598919834171236e+07 -2.693502250058678627e+09 1.264968163860412359e+09 2.592994776960884035e+07
-7.836449042303661816e+06 3.170367964672527160e+05 3.883757543430264923e+05 -6.551530976820998047e+12 -1.431344440826113281e+13 -1.573590826257494141e+12 -8.268407359281128125e+13 -2.735238220112975938e+14 -1.628726206315714500e+15 -5.771567987519642000e+15 -2.502274785092854500e+15 -6.810408888214513750e+14 -5.460494871669026250e+14 -1.268517184294177031e+14 -6.974139686145489104e+06 -7.374285623265721798e+08 2.592994776960884035e+07 3.941554314312501997e+07
