# Pk1 Pk2 Pk3 Pk4 Pk5 Pk6 Pk7 Pk8 Pk9 Pk10 Pk11 H0 tau ombh2 omch2
4.891290273178257326e+20 2.879114231659238851e+20 9.661970218708398899e+19 2.605127345270532342e+20 4.160309011763399229e+20 2.529474068008894464e+20 2.016992453771175526e+20 2.132008591654801244e+20 5.899672644678971392e+19 6.383050390980927488e+18 4.884553137555080960e+17 -3.324631887843625641e+10 -6.900433941910675781e+12 3.500428790100355469e+13 1.668095228444630859e+13
2.879114231659238851e+20 3.533023742348469731e+21 2.608882907521395720e+21 5.762448683882552230e+21 7.217695686973179560e+21 5.578561805486906147e+21 5.046975336127682052e+21 5.540104189248108757e+21 1.542110795992875401e+21 1.669178976979945718e+20 1.276122414430872781e+19 -7.898614377432736816e+11 -9.156648219190615625e+13 6.342674418905105000e+14 4.319550862921452500e+14
9.661970218708398899e+19 2.608882907521395720e+21 2.408331322446024016e+22 2.213559890565007199e+22 1.805012080582541181e+22 1.405662527865757054e+22 1.219531965837660809e+22 1.329153524011715317e+22 3.687124279007907938e+21 3.987407839829934080e+20 3.048012458015463834e+19 -1.838443635419203125e+12 -2.948199373826151250e+14 3.612022392674093750e+14 9.509947317726372500e+14
2.605127345270532342e+20 5.762448683882552230e+21 2.213559890565007199e+22 2.392909195666377996e+23 1.266495717876280139e+23 7.356997590787280601e+22 5.479069025882769195e+22 5.774590885852011194e+22 1.575664306441115245e+22 1.696389811704623006e+21 1.294961803472922214e+20 -1.091200985907857031e+13 -1.721142693619699250e+15 6.658444889695358000e+15 3.938813624662215000e+15
4.160309011763399229e+20 7.217695686973179560e+21 1.805012080582541181e+22 1.266495717876280139e+23 1.153281033781971660e+24 2.648268620393764943e+23 7.612866187382233655e+22 6.307348327443919274e+22 1.558437370316356531e+22 1.636317185277593387e+21 1.234281919689328558e+20 -4.727493270739271875e+13 -5.866963768340874000e+15 1.149476015144426080e+17 -4.840257722972016000e+15
2.529474068008894464e+20 5.578561805486906147e+21 1.405662527865757054e+22 7.356997590787280601e+22 2.648268620393764943e+23 4.110770322933914848e+23 9.324749561628760159e+22 4.378194267786283739e+22 6.872404677792154780e+21 6.268131436953927680e+20 4.727255140058457702e+19 -3.109151155904816406e+13 -2.542551994027525000e+15 7.065428432132134400e+16 2.218544839172195750e+15
2.016992453771175526e+20 5.046975336127682052e+21 1.219531965837660809e+22 5.479069025882769195e+22 7.612866187382233655e+22 9.324749561628760159e+22 8.202118594563276590e+22 5.868595320359725774e+22 1.093975864441411155e+22 1.026494813022438949e+21 7.539038138431881216e+19 -9.747696016355816406e+12 -7.475672802546538750e+14 4.577030474817012000e+15 7.100346499529262000e+15
2.132008591654801244e+20 5.540104189248108757e+21 1.329153524011715317e+22 5.774590885852011194e+22 6.307348327443919274e+22 4.378194267786283739e+22 5.868595320359725774e+22 7.088702443373731617e+22 2.041386543101656433e+22 2.196877405369260311e+21 1.671651659843740959e+20 -7.446885324404535156e+12 -6.590051114555791250e+14 4.649380311284431875e+14 6.279067126381203000e+15
5.899672644678971392e+19 1.542110795992875401e+21 3.687124279007907938e+21 1.575664306441115245e+22 1.558437370316356531e+22 6.872404677792154780e+21 1.093975864441411155e+22 2.041386543101656433e+22 9.143903366265670992e+21 1.131961368365243957e+21 8.940421161962899046e+19 -1.780267703299238770e+12 -1.658091325707637812e+14 -3.870835706518663750e+14 1.668323941041571000e+15
6.383050390980927488e+18 1.669178976979945718e+20 3.987407839829934080e+20 1.696389811704623006e+21 1.636317185277593387e+21 6.268131436953927680e+20 1.026494813022438949e+21 2.196877405369260311e+21 1.131961368365243957e+21 1.463946880045312737e+20 1.164686071429817549e+19 -1.861886093754675293e+11 -1.750244870451141016e+13 -5.499183577489918750e+13 1.797117494476959062e+14
4.884553137555080960e+17 1.276122414430872781e+19 3.048012458015463834e+19 1.294961803472922214e+20 1.234281919689328558e+20 4.727255140058457702e+19 7.539038138431881216e+19 1.671651659843740959e+20 8.940421161962899046e+19 1.164686071429817549e+19 9.479742850869387520e+17 -1.414225810901936150e+10 -1.332292534051047852e+12 -4.312539896866844727e+12 1.369780727426043164e+13
-3.324631887843625641e+10 -7.898614377432736816e+11 -1.838443635419203125e+12 -1.091200985907857031e+13 -4.727493270739271875e+13 -3.109151155904816406e+13 -9.747696016355816406e+12 -7.446885324404535156e+12 -1.780267703299238770e+12 -1.861886093754675293e+11 -1.414225810901936150e+10 4.904088422570127477e+03 3.280679317015766865e+05 -8.391685380606031045e+06 3.523788294648296433e+05
-6.900433941910675781e+12 -9.156648219190615625e+13 -2.948199373826151250e+14 -1.721142693619699250e+15 -5.866963768340874000e+15 -2.542551994027525000e+15 -7.475672802546538750e+14 -6.590051114555791250e+14 -1.658091325707637812e+14 -1.750244870451141016e+13 -1.332292534051047852e+12 3.280679317015766865e+05 4.041111097710394114e+07 -7.505768459612616301e+08 2.069762481949880719e+07
3.500428790100355469e+13 6.342674418905105000e+14 3.612022392674093750e+14 6.658444889695358000e+15 1.149476015144426080e+17 7.065428432132134400e+16 4.577030474817012000e+15 4.649380311284431875e+14 -3.870835706518663750e+14 -5.499183577489918750e+13 -4.312539896866844727e+12 -8.391685380606031045e+06 -7.505768459612616301e+08 2.541756240723402023e+10 -2.590279057076925755e+09
1.668095228444630859e+13 4.319550862921452500e+14 9.509947317726372500e+14 3.938813624662215000e+15 -4.840257722972016000e+15 2.218544839172195750e+15 7.100346499529262000e+15 6.279067126381203000e+15 1.668323941041571000e+15 1.797117494476959062e+14 1.369780727426043164e+13 3.523788294648296433e+05 2.069762481949880719e+07 -2.590279057076925755e+09 1.300804821908535957e+09
