# A_ksz H0 HMCode_logT_AGN Pk1 Pk10 Pk11 Pk2 Pk3 Pk4 Pk5 Pk6 Pk7 Pk8 Pk9 n_ksz ombh2 omch2 tau
1.369700000400205329e+07 -7.940254004957618599e+04 -4.332118259398918599e+05 2.563365270583585449e+12 3.331551434756444141e+13 3.779335731405176758e+12 6.715246338967649219e+13 1.608434478850452812e+14 6.914745802170372500e+14 7.338001780206473750e+14 4.049352087589276875e+14 5.638651959038655000e+14 7.909897769220532500e+14 2.690276499103894375e+14 1.625489274840487167e+07 -6.048114533207871020e+06 6.790460435971045494e+07 -7.823640070950247347e+06
-7.940254004957618599e+04 4.759778160648693301e+03 4.629450214672237962e+03 -2.962721047577011871e+10 -1.436686956788020630e+11 -1.574483837720710182e+10 -6.960133107445494385e+11 -1.612893960983539551e+12 -9.923089460982115234e+12 -4.615968144072232812e+13 -3.011449414378616406e+13 -8.288322445020838867e+12 -5.864389676240251953e+12 -1.288588847861786865e+12 -6.841238977947132662e+04 -8.357341227383186109e+06 4.926267696868358180e+05 3.180438218673457741e+05
-4.332118259398918599e+05 4.629450214672237962e+03 6.603819672384372097e+04 -1.136419468054731140e+11 -8.806156583866059570e+11 -9.703872773748811340e+10 -2.838430804486437988e+12 -6.871883345622305664e+12 -3.077341998788446875e+13 -4.076429197211818750e+13 -3.908012408686309375e+13 -3.361505544900684375e+13 -3.100519523566988281e+13 -7.690150991626571289e+12 -4.281713671046661329e+05 -1.892562058754714904e+06 -3.303044268504061736e+06 3.986465384779932210e+05
2.563365270583585449e+12 -2.962721047577011871e+10 -1.136419468054731140e+11 4.889587685084308439e+20 5.155064609124269056e+18 5.699090917373706240e+17 2.848758471995962491e+20 8.966797568399435366e+19 2.305185046474687775e+20 3.857405575430030623e+20 2.408724733509989827e+20 1.839441941645530890e+20 1.753555440142035845e+20 4.469230783671924326e+19 2.541964051185480469e+12 2.956391492414890625e+13 1.545963487799691406e+13 -6.534355316557311523e+12
3.331551434756444141e+13 -1.436686956788020630e+11 -8.806156583866059570e+11 5.155064609124269056e+18 9.149263345348988109e+19 1.054822259876613530e+19 1.350060844503549542e+20 3.224780171545251676e+20 1.373521436224227639e+21 1.332152185536031752e+21 5.296535359147125637e+20 9.423412720024842404e+20 1.680732567539320095e+21 7.040596618187784847e+20 4.366318395914056250e+13 -6.643086559138701562e+13 1.434565671796959688e+14 -1.429914696773319531e+13
3.779335731405176758e+12 -1.574483837720710182e+10 -9.703872773748811340e+10 5.699090917373706240e+17 1.054822259876613530e+19 1.220481344435749376e+18 1.492026743587207782e+19 3.563088513479424000e+19 1.515295955650284093e+20 1.451135929042761482e+20 5.668689971975154893e+19 1.005106732144177152e+20 1.859915993108316815e+20 8.055491752660341555e+19 5.019391361865933594e+12 -7.498640308978689453e+12 1.579728890752667969e+13 -1.572195891537320312e+12
6.715246338967649219e+13 -6.960133107445494385e+11 -2.838430804486437988e+12 2.848758471995962491e+20 1.350060844503549542e+20 1.492026743587207782e+19 3.453333993601265304e+21 2.419583499484530737e+21 4.954846660989317808e+21 6.400187812883195757e+21 5.277129660803064005e+21 4.595344773237069316e+21 4.562704684315132297e+21 1.169896768340940685e+21 6.683029621556115625e+13 5.118537163261678750e+14 3.937069333513566250e+14 -8.252298819041065625e+13
1.608434478850452812e+14 -1.612893960983539551e+12 -6.871883345622305664e+12 8.966797568399435366e+19 3.224780171545251676e+20 3.563088513479424000e+19 2.419583499484530737e+21 2.362022541858707184e+22 2.017922960083029013e+22 1.609343308046548546e+22 1.335087173218529077e+22 1.111211561476707634e+22 1.094734153830981698e+22 2.796783107242573431e+21 1.596182543286243125e+14 6.646612468624362500e+13 8.590949914233428750e+14 -2.731615137135406875e+14
6.914745802170372500e+14 -9.923089460982115234e+12 -3.077341998788446875e+13 2.305185046474687775e+20 1.373521436224227639e+21 1.515295955650284093e+20 4.954846660989317808e+21 2.017922960083029013e+22 2.305368495320631754e+23 1.176255162397474339e+23 7.041256700458302649e+22 5.008772320602008794e+22 4.764755612348908883e+22 1.196303456031790753e+22 6.775826526265585000e+14 5.394915238037962000e+15 3.522837898165600500e+15 -1.627740319854816750e+15
7.338001780206473750e+14 -4.615968144072232812e+13 -4.076429197211818750e+13 3.857405575430030623e+20 1.332152185536031752e+21 1.451135929042761482e+20 6.400187812883195757e+21 1.609343308046548546e+22 1.176255162397474339e+23 1.141221893006824823e+24 2.592663895246124813e+23 6.965029883693380089e+22 5.241706793034973813e+22 1.188265199587921442e+22 6.500856024532782500e+14 1.140415964477950080e+17 -5.562312456115006000e+15 -5.778090568310888000e+15
4.049352087589276875e+14 -3.011449414378616406e+13 -3.908012408686309375e+13 2.408724733509989827e+20 5.296535359147125637e+20 5.668689971975154893e+19 5.277129660803064005e+21 1.335087173218529077e+22 7.041256700458302649e+22 2.592663895246124813e+23 3.997010867579241061e+23 7.831857962280227019e+22 3.524458292836106135e+22 5.302896379932999418e+21 2.154244429741981250e+14 7.159975105602105600e+16 7.289176674329427500e+14 -2.524701506359826500e+15
5.638651959038655000e+14 -8.288322445020838867e+12 -3.361505544900684375e+13 1.839441941645530890e+20 9.423412720024842404e+20 1.005106732144177152e+20 4.595344773237069316e+21 1.111211561476707634e+22 5.008772320602008794e+22 6.965029883693380089e+22 7.831857962280227019e+22 6.225225934554035284e+22 4.628492942017030835e+22 8.890135358686578606e+21 4.547366472831147500e+14 5.191346265848185000e+15 5.273934107828846000e+15 -7.026478526272300000e+14
7.909897769220532500e+14 -5.864389676240251953e+12 -3.100519523566988281e+13 1.753555440142035845e+20 1.680732567539320095e+21 1.859915993108316815e+20 4.562704684315132297e+21 1.094734153830981698e+22 4.764755612348908883e+22 5.241706793034973813e+22 3.524458292836106135e+22 4.628492942017030835e+22 5.388374948504075135e+22 1.453727539127144730e+22 8.331740875094857500e+14 -6.446096230420738281e+12 4.922555340199720000e+15 -5.512666937738412500e+14
2.690276499103894375e+14 -1.288588847861786865e+12 -7.690150991626571289e+12 4.469230783671924326e+19 7.040596618187784847e+20 8.055491752660341555e+19 1.169896768340940685e+21 2.796783107242573431e+21 1.196303456031790753e+22 1.188265199587921442e+22 5.302896379932999418e+21 8.890135358686578606e+21 1.453727539127144730e+22 5.549770558359224713e+21 3.391844873162564375e+14 -4.787891965312841250e+14 1.245450831082218500e+15 -1.269648747106663750e+14
1.625489274840487167e+07 -6.841238977947132662e+04 -4.281713671046661329e+05 2.541964051185480469e+12 4.366318395914056250e+13 5.019391361865933594e+12 6.683029621556115625e+13 1.596182543286243125e+14 6.775826526265585000e+14 6.500856024532782500e+14 2.154244429741981250e+14 4.547366472831147500e+14 8.331740875094857500e+14 3.391844873162564375e+14 2.104287543710942566e+07 -3.582612046693740040e+07 6.936040556624770164e+07 -6.969271172268274240e+06
-6.048114533207871020e+06 -8.357341227383186109e+06 -1.892562058754714904e+06 2.956391492414890625e+13 -6.643086559138701562e+13 -7.498640308978689453e+12 5.118537163261678750e+14 6.646612468624362500e+13 5.394915238037962000e+15 1.140415964477950080e+17 7.159975105602105600e+16 5.191346265848185000e+15 -6.446096230420738281e+12 -4.787891965312841250e+14 -3.582612046693740040e+07 2.499538105295384598e+10 -2.427670989705435276e+09 -7.325660930533577204e+08
6.790460435971045494e+07 4.926267696868358180e+05 -3.303044268504061736e+06 1.545963487799691406e+13 1.434565671796959688e+14 1.579728890752667969e+13 3.937069333513566250e+14 8.590949914233428750e+14 3.522837898165600500e+15 -5.562312456115006000e+15 7.289176674329427500e+14 5.273934107828846000e+15 4.922555340199720000e+15 1.245450831082218500e+15 6.936040556624770164e+07 -2.427670989705435276e+09 1.078905279881879330e+09 2.277365282589701563e+07
-7.823640070950247347e+06 3.180438218673457741e+05 3.986465384779932210e+05 -6.534355316557311523e+12 -1.429914696773319531e+13 -1.572195891537320312e+12 -8.252298819041065625e+13 -2.731615137135406875e+14 -1.627740319854816750e+15 -5.778090568310888000e+15 -2.524701506359826500e+15 -7.026478526272300000e+14 -5.512666937738412500e+14 -1.269648747106663750e+14 -6.969271172268274240e+06 -7.325660930533577204e+08 2.277365282589701563e+07 3.934867074726121873e+07
