# H0 logA mnu nnu nrun ns ombh2 omch2 tau
5.631866331000630453e+03 -1.682046414372638101e+05 6.048327710179940914e+04 -3.382053674740529095e+04 -1.774376009839848557e+05 -2.164712932418702694e+05 -7.487804882797844708e+06 1.100634034311088268e+06 2.308261966148297361e+05
-1.682046414372638101e+05 1.511503228629645146e+07 -2.589227032398481388e+06 -6.627113894079898018e+05 1.472521409840781428e+07 1.812908949501358718e+07 2.660890508949551284e+08 3.684557249008977413e+07 -1.940113242032908276e+07
6.048327710179940914e+04 -2.589227032398481388e+06 7.846070192763978848e+05 -1.843071739961774729e+05 -2.746395613046001643e+06 -3.310016676098081749e+06 -6.562086129160276800e+07 -3.897186663620208856e+05 2.761243424514700659e+06
-3.382053674740529095e+04 -6.627113894079898018e+05 -1.843071739961774729e+05 5.470054650250220438e+05 -7.253604844244779088e+05 -8.583563413807809120e+05 3.890232981752312183e+07 -2.316013536820882559e+07 2.213986045707298908e+05
-1.774376009839848557e+05 1.472521409840781428e+07 -2.746395613046001643e+06 -7.253604844244779088e+05 1.634452835655552149e+07 1.902047164666593075e+07 2.910261473197519183e+08 4.446370418543146551e+07 -1.775497372200014815e+07
-2.164712932418702694e+05 1.812908949501358718e+07 -3.310016676098081749e+06 -8.583563413807809120e+05 1.902047164666593075e+07 2.327590864743268490e+07 3.616468718740376830e+08 4.940898356986077130e+07 -2.249417890821108222e+07
-7.487804882797844708e+06 2.660890508949551284e+08 -6.562086129160276800e+07 3.890232981752312183e+07 2.910261473197519183e+08 3.616468718740376830e+08 2.058633695912275314e+10 -2.816117113104438305e+09 -5.310812557475463152e+08
1.100634034311088268e+06 3.684557249008977413e+07 -3.897186663620208856e+05 -2.316013536820882559e+07 4.446370418543146551e+07 4.940898356986077130e+07 -2.816117113104438305e+09 1.350379623490641594e+09 2.311066127912833542e+07
2.308261966148297361e+05 -1.940113242032908276e+07 2.761243424514700659e+06 2.213986045707298908e+05 -1.775497372200014815e+07 -2.249417890821108222e+07 -5.310812557475463152e+08 2.311066127912833542e+07 3.146064057704625279e+07
