# H0 N_ur alpha_s ln_A_s_1e10 n_s omega_b omega_cdm sum_m_ncdm tau_reio
4.912113821956864740e+03 -1.115955152300630652e+04 -2.565188783202384075e+05 -2.397563337704892037e+05 -3.227454599582574447e+05 -8.390627037041235715e+06 3.595167856616360950e+05 5.924979180526843993e+04 3.280130172384016332e+05
-1.115955152300630652e+04 3.278622734941401286e+05 -9.913836485904839355e+05 -8.646390695941383019e+05 -1.130175081719711423e+06 2.397830392851047963e+07 -1.749658704584160075e+07 5.143831715382343100e+04 3.343399552810232854e+05
-2.565188783202384075e+05 -9.913836485904839355e+05 2.320352558579534292e+07 2.059351818253803626e+07 2.760399688684917986e+07 4.279229293748090863e+08 6.248579524411154538e+07 -3.980333972831399646e+06 -2.476219250320627540e+07
-2.397563337704892037e+05 -8.646390695941383019e+05 2.059351818253803626e+07 2.023508253613436222e+07 2.558641389823927358e+07 3.985515253244600892e+08 4.964492772753919661e+07 -3.671435383750569541e+06 -2.571627468197592348e+07
-3.227454599582574447e+05 -1.130175081719711423e+06 2.760399688684917986e+07 2.558641389823927358e+07 3.413196928658861667e+07 5.673660878421955109e+08 6.543527357896166295e+07 -4.877384750757023692e+06 -3.187585834224634990e+07
-8.390627037041235715e+06 2.397830392851047963e+07 4.279229293748090863e+08 3.985515253244600892e+08 5.673660878421955109e+08 2.540635634832261276e+10 -2.598137026290669918e+09 -7.829404902139015496e+07 -7.502777426265221834e+08
3.595167856616360950e+05 -1.749658704584160075e+07 6.248579524411154538e+07 4.964492772753919661e+07 6.543527357896166295e+07 -2.598137026290669918e+09 1.292016897833334446e+09 -9.820587276014329866e+06 2.121017215815927833e+07
5.924979180526843993e+04 5.143831715382343100e+04 -3.980333972831399646e+06 -3.671435383750569541e+06 -4.877384750757023692e+06 -7.829404902139015496e+07 -9.820587276014329866e+06 8.769276588535904884e+05 4.023460496380785014e+06
3.280130172384016332e+05 3.343399552810232854e+05 -2.476219250320627540e+07 -2.571627468197592348e+07 -3.187585834224634990e+07 -7.502777426265221834e+08 2.121017215815927833e+07 4.023460496380785014e+06 4.046177173406768590e+07
