# A_ksz H0 HMCode_logT_AGN logA mnu n_ksz nnu nrun ns ombh2 omch2 tau
1.420207841155035049e+07 -6.844798880693076353e+04 -3.867795703124041320e+05 8.009301312523960136e+06 -1.617705512112727389e+06 1.660729260998160765e+07 -6.823816837302279891e+05 1.026833509388308227e+07 1.046229222363373451e+07 -1.423965605335187726e+07 6.050157058427465707e+07 -7.153459869649836794e+06
-6.844798880693076353e+04 5.556869341703749342e+03 3.238644469067600767e+03 -1.603450307550367143e+05 5.991286198106614029e+04 -6.069597092496461119e+04 -3.450323090119454719e+04 -1.711675717482524051e+05 -2.083983676190509868e+05 -7.411235204812382348e+06 1.143555604122882476e+06 2.241238463191951159e+05
-3.867795703124041320e+05 3.238644469067600767e+03 6.322602849971334945e+04 -3.531510323157153325e+05 8.036210930520870897e+04 -3.901269787445314578e+05 3.547930629345002671e+04 -4.223374580064048641e+05 -4.698075014153032680e+05 9.371571472813250730e+05 -3.208876318355927709e+06 2.552116312218794192e+05
8.009301312523960136e+06 -1.603450307550367143e+05 -3.531510323157153325e+05 1.432474490421482921e+07 -2.539748352822084911e+06 7.689311758428726345e+06 -5.951332109476147452e+05 1.412409231480455399e+07 1.732570961665563285e+07 2.568967787947068810e+08 3.276155574913055450e+07 -1.872486648566795513e+07
-1.617705512112727389e+06 5.991286198106614029e+04 8.036210930520870897e+04 -2.539748352822084911e+06 7.991624034774613101e+05 -1.550424786321429070e+06 -1.879304811620582186e+05 -2.759407386105246842e+06 -3.295635515270209406e+06 -6.357147268960118294e+07 -4.777275383753826609e+05 2.715483215205637272e+06
1.660729260998160765e+07 -6.069597092496461119e+04 -3.901269787445314578e+05 7.689311758428726345e+06 -1.550424786321429070e+06 2.131883807432132214e+07 -7.009292842970057391e+05 1.031040702320826054e+07 1.018974297974708490e+07 -3.972442999202020466e+07 6.341880617966553569e+07 -6.500918771837896667e+06
-6.823816837302279891e+05 -3.450323090119454719e+04 3.547930629345002671e+04 -5.951332109476147452e+05 -1.879304811620582186e+05 -7.009292842970057391e+05 5.405905861623871606e+05 -6.751279717949978076e+05 -7.904025437358898344e+05 3.969337507886112481e+07 -2.276542467811952531e+07 1.713516109912625107e+05
1.026833509388308227e+07 -1.711675717482524051e+05 -4.223374580064048641e+05 1.412409231480455399e+07 -2.759407386105246842e+06 1.031040702320826054e+07 -6.751279717949978076e+05 1.601621632087749615e+07 1.848691365824830532e+07 2.803162674877188802e+08 4.221998683034795523e+07 -1.722856693063964695e+07
1.046229222363373451e+07 -2.083983676190509868e+05 -4.698075014153032680e+05 1.732570961665563285e+07 -3.295635515270209406e+06 1.018974297974708490e+07 -7.904025437358898344e+05 1.848691365824830532e+07 2.251601627641352266e+07 3.499647790879685283e+08 4.584883061177744716e+07 -2.180000406386841461e+07
-1.423965605335187726e+07 -7.411235204812382348e+06 9.371571472813250730e+05 2.568967787947068810e+08 -6.357147268960118294e+07 -3.972442999202020466e+07 3.969337507886112481e+07 2.803162674877188802e+08 3.499647790879685283e+08 2.062075332897679138e+10 -2.888983219042572498e+09 -5.229244598572175503e+08
6.050157058427465707e+07 1.143555604122882476e+06 -3.208876318355927709e+06 3.276155574913055450e+07 -4.777275383753826609e+05 6.341880617966553569e+07 -2.276542467811952531e+07 4.221998683034795523e+07 4.584883061177744716e+07 -2.888983219042572498e+09 1.331077332841044188e+09 2.602474006742393225e+07
-7.153459869649836794e+06 2.241238463191951159e+05 2.552116312218794192e+05 -1.872486648566795513e+07 2.715483215205637272e+06 -6.500918771837896667e+06 1.713516109912625107e+05 -1.722856693063964695e+07 -2.180000406386841461e+07 -5.229244598572175503e+08 2.602474006742393225e+07 3.079604212618844211e+07
