# H0 logA nrun ns ombh2 omch2 tau w wa
4.917081288816774759e+03 -2.400695630508452596e+05 -2.546189315526841674e+05 -3.227687175141667249e+05 -8.400411627996938303e+06 3.519486392281235312e+05 3.280620099035932799e+05 -1.503820317354711588e+05 4.237937605834933493e+04
-2.400695630508452596e+05 2.024023424199861288e+07 2.034881276861896366e+07 2.555009126753019169e+07 3.994963830026834011e+08 5.020374797146308422e+07 -2.570302142611633986e+07 7.559066019679101184e+06 -2.205263921743564308e+06
-2.546189315526841674e+05 2.034881276861896366e+07 2.257736531722287834e+07 2.722008214364319667e+07 4.288121986280519962e+08 6.116086986562380940e+07 -2.454347819217541069e+07 8.013637757319498807e+06 -2.343020654846499674e+06
-3.227687175141667249e+05 2.555009126753019169e+07 2.722008214364319667e+07 3.402495898100508749e+07 5.685928931284555197e+08 6.583919766533687711e+07 -3.182403681202264130e+07 1.014174461022762395e+07 -2.953031034959143493e+06
-8.400411627996938303e+06 3.994963830026834011e+08 4.288121986280519962e+08 5.685928931284555197e+08 2.542364933429014206e+10 -2.590151231842903137e+09 -7.505729166947238445e+08 2.508960529929191172e+08 -6.859439983584147692e+07
3.519486392281235312e+05 5.020374797146308422e+07 6.116086986562380940e+07 6.583919766533687711e+07 -2.590151231842903137e+09 1.300375807365392208e+09 2.073277133692632988e+07 -6.815976877667351626e+06 5.948260442780558951e+05
3.280620099035932799e+05 -2.570302142611633986e+07 -2.454347819217541069e+07 -3.182403681202264130e+07 -7.505729166947238445e+08 2.073277133692632988e+07 4.040793828731952608e+07 -1.004895346098441072e+07 2.842367103061016183e+06
-1.503820317354711588e+05 7.559066019679101184e+06 8.013637757319498807e+06 1.014174461022762395e+07 2.508960529929191172e+08 -6.815976877667351626e+06 -1.004895346098441072e+07 4.614036969401134178e+06 -1.304693755067023914e+06
4.237937605834933493e+04 -2.205263921743564308e+06 -2.343020654846499674e+06 -2.953031034959143493e+06 -6.859439983584147692e+07 5.948260442780558951e+05 2.842367103061016183e+06 -1.304693755067023914e+06 3.703645385405690176e+05
