# Pk1 Pk2 Pk3 Pk4 Pk5 Pk6 Pk7 H0 tau ombh2 omch2
4.915548174163093750e+20 2.686908781795037676e+20 4.941960812428199526e+19 5.842811631846336922e+19 1.426917888473742049e+20 8.159027884494135296e+18 1.397746821059226880e+18 -7.382175705005950928e+08 -4.145836871900418945e+12 1.126345074312694336e+13 -1.175830166688175781e+12
2.686908781795037676e+20 3.033027103167124341e+21 1.358971257312093143e+21 3.943111635366930022e+20 8.031499204292701061e+20 5.531024691386821837e+19 7.706964448701009920e+18 -4.008406295131909180e+10 -2.179687499775743750e+13 1.411355262517672812e+14 -2.332012132533336719e+13
4.941960812428199526e+19 1.358971257312093143e+21 2.094768543021291432e+22 8.738065819371646747e+21 2.493086157463786357e+21 2.303992759101029745e+20 3.860558614525290906e+19 1.191662688594746399e+10 -1.254064795693317656e+14 -9.634504286036648750e+14 -1.579989237633475625e+14
5.842811631846336922e+19 3.943111635366930022e+20 8.738065819371646747e+21 1.754899883121760493e+23 4.456434878430150918e+22 1.402216352349504668e+21 1.677373810493162455e+20 -1.832394280095746338e+12 -9.049070905625892500e+14 -1.057164137636216500e+15 -1.058613615553830250e+15
1.426917888473742049e+20 8.031499204292701061e+20 2.493086157463786357e+21 4.456434878430150918e+22 6.864816668322700376e+23 2.319353061985769593e+22 1.717994088359249052e+21 -1.799906671723446094e+13 -2.962063439175272500e+15 4.401978099413936000e+16 -6.112894893434918000e+15
8.159027884494135296e+18 5.531024691386821837e+19 2.303992759101029745e+20 1.402216352349504668e+21 2.319353061985769593e+22 4.625060447094106489e+21 4.208071977131893719e+20 -1.030928698219905640e+12 -1.012860816591234062e+14 2.160008555053163500e+15 -1.756923776675170000e+14
1.397746821059226880e+18 7.706964448701009920e+18 3.860558614525290906e+19 1.677373810493162455e+20 1.717994088359249052e+21 4.208071977131893719e+20 8.878902095044783309e+19 -7.983240829942984009e+10 -5.808069358482280273e+12 1.299505485053723438e+14 1.374696679274671484e+13
-7.382175705005950928e+08 -4.008406295131909180e+10 1.191662688594746399e+10 -1.832394280095746338e+12 -1.799906671723446094e+13 -1.030928698219905640e+12 -7.983240829942984009e+10 1.889808251725197579e+03 7.996856998879260209e+04 -2.333597706544786226e+06 6.628920135005183984e+05
-4.145836871900418945e+12 -2.179687499775743750e+13 -1.254064795693317656e+14 -9.049070905625892500e+14 -2.962063439175272500e+15 -1.012860816591234062e+14 -5.808069358482280273e+12 7.996856998879260209e+04 1.651210448731753044e+07 -1.755770369629265368e+08 3.325251032680727914e+07
1.126345074312694336e+13 1.411355262517672812e+14 -9.634504286036648750e+14 -1.057164137636216500e+15 4.401978099413936000e+16 2.160008555053163500e+15 1.299505485053723438e+14 -2.333597706544786226e+06 -1.755770369629265368e+08 4.950069766875815392e+09 -8.183484828209768534e+08
-1.175830166688175781e+12 -2.332012132533336719e+13 -1.579989237633475625e+14 -1.058613615553830250e+15 -6.112894893434918000e+15 -1.756923776675170000e+14 1.374696679274671484e+13 6.628920135005183984e+05 3.325251032680727914e+07 -8.183484828209768534e+08 2.828661561107937098e+08
