# H0 logA mnu nnu nrun ns ombh2 omch2 tau
1.903980406386628829e+03 -4.250376369663210789e+04 1.724284492720315029e+04 -1.623493293773544247e+04 -3.189130964075165684e+04 -5.055760845359204541e+04 -2.344374491338710766e+06 6.623298676768386504e+05 8.004475871468700643e+04
-4.250376369663210789e+04 4.404804102012641728e+06 -4.180827805826200056e+05 5.503081043457436317e+04 2.525670915304130875e+06 4.165110984648090787e+06 8.938836019236017764e+07 -1.505129695150200836e+07 -8.377485932033441029e+06
1.724284492720315029e+04 -4.180827805826200056e+05 1.644405983222859795e+05 -1.389352905323880550e+05 -3.006390049368239706e+05 -4.788353088524440536e+05 -2.082078927985965461e+07 5.478982795884245075e+06 7.250517560821250081e+05
-1.623493293773544247e+04 5.503081043457436317e+04 -1.389352905323880550e+05 1.852813004967333691e+05 4.805247149657828413e+04 6.523042015290566633e+04 1.362492127515035868e+07 -6.388142561096249148e+06 -1.478493845866115589e+05
-3.189130964075165684e+04 2.525670915304130875e+06 -3.006390049368239706e+05 4.805247149657828413e+04 1.907448352137386566e+06 2.895180319546439219e+06 7.727736497180603445e+07 -1.053994541259939596e+07 -4.841446298623436131e+06
-5.055760845359204541e+04 4.165110984648090787e+06 -4.788353088524440536e+05 6.523042015290566633e+04 2.895180319546439219e+06 4.887520872465873137e+06 1.189447211978996098e+08 -1.639295818987492658e+07 -7.981850727965124883e+06
-2.344374491338710766e+06 8.938836019236017764e+07 -2.082078927985965461e+07 1.362492127515035868e+07 7.727736497180603445e+07 1.189447211978996098e+08 4.958679010308242798e+09 -8.173708434479812384e+08 -1.756729787876696885e+08
6.623298676768386504e+05 -1.505129695150200836e+07 5.478982795884245075e+06 -6.388142561096249148e+06 -1.053994541259939596e+07 -1.639295818987492658e+07 -8.173708434479812384e+08 2.826736922793460488e+08 3.321665800515427068e+07
8.004475871468700643e+04 -8.377485932033441029e+06 7.250517560821250081e+05 -1.478493845866115589e+05 -4.841446298623436131e+06 -7.981850727965124883e+06 -1.756729787876696885e+08 3.321665800515427068e+07 1.651968005812784657e+07
