# H0 N_ur alpha_s ln_A_s_1e10 n_s omega_b omega_cdm sum_m_ncdm tau_reio
1.902346584019814827e+03 -1.632641281409984731e+04 -3.180382932233185056e+04 -4.243881880891977926e+04 -5.046375194919940986e+04 -2.342161193625903223e+06 6.620856117230604868e+05 1.716332191504959337e+04 7.999351961750803457e+04
-1.632641281409984731e+04 1.868264095577713451e+05 4.988977874994747253e+04 5.742453476460980164e+04 6.805371452865624451e+04 1.375250294108149409e+07 -6.418474671994375065e+06 -1.394903430665312335e+05 -1.521754738326091319e+05
-3.180382932233185056e+04 4.988977874994747253e+04 1.900436712252844358e+06 2.519071335036108270e+06 2.886500538698083721e+06 7.707848227998445928e+07 -1.054474900008022040e+07 -2.969561003365364741e+05 -4.834637829639038071e+06
-4.243881880891977926e+04 5.742453476460980164e+04 2.519071335036108270e+06 4.400852805692009628e+06 4.158703615194465034e+06 8.921738221120202541e+07 -1.506099502578770183e+07 -4.140236584414152312e+05 -8.376888213389935903e+06
-5.046375194919940986e+04 6.805371452865624451e+04 2.886500538698083721e+06 4.158703615194465034e+06 4.877905228346856311e+06 1.187072714012298286e+08 -1.640155953951936960e+07 -4.735827867136842106e+05 -7.977341863166056573e+06
-2.342161193625903223e+06 1.375250294108149409e+07 7.707848227998445928e+07 8.921738221120202541e+07 1.187072714012298286e+08 4.954050813791020393e+09 -8.177647943507782221e+08 -2.066740817624951154e+07 -1.755381982707895041e+08
6.620856117230604868e+05 -6.418474671994375065e+06 -1.054474900008022040e+07 -1.506099502578770183e+07 -1.640155953951936960e+07 -8.177647943507782221e+08 2.827578784478960633e+08 5.453006102269502357e+06 3.326033629849593714e+07
1.716332191504959337e+04 -1.394903430665312335e+05 -2.969561003365364741e+05 -4.140236584414152312e+05 -4.735827867136842106e+05 -2.066740817624951154e+07 5.453006102269502357e+06 1.631861218489314779e+05 7.177288582447194494e+05
7.999351961750803457e+04 -1.521754738326091319e+05 -4.834637829639038071e+06 -8.376888213389935903e+06 -7.977341863166056573e+06 -1.755381982707895041e+08 3.326033629849593714e+07 7.177288582447194494e+05 1.653103578302370571e+07
