# H0 logA mnu nnu nrun ns ombh2 omch2 tau
2.856959346749637461e+03 -4.122658228035252250e+04 2.576949174765046700e+04 -2.749686294700221333e+04 -3.154055969690153506e+04 -4.792607825293276255e+04 -2.999744722415434662e+06 1.012765295607708627e+06 7.666315394247521181e+04
-4.122658228035252250e+04 4.300837383481536061e+06 -4.115071194132618257e+05 5.290999753365331708e+04 2.479826661064619664e+06 3.967309851985134650e+06 8.511170826251703501e+07 -1.447674785829922184e+07 -8.119768258313032798e+06
2.576949174765046700e+04 -4.115071194132618257e+05 2.401676851566957776e+05 -2.395973294135926699e+05 -3.019600140494550578e+05 -4.608865894569950178e+05 -2.687123699270758033e+07 8.660711353710096329e+06 7.091441589049702743e+05
-2.749686294700221333e+04 5.290999753365331708e+04 -2.395973294135926699e+05 3.163848281105695060e+05 4.863482317174528725e+04 5.989193054050172941e+04 2.167091844728855044e+07 -1.050000239247935824e+07 -1.359171125091076246e+05
-3.154055969690153506e+04 2.479826661064619664e+06 -3.019600140494550578e+05 4.863482317174528725e+04 1.901136660275032278e+06 2.777947034954211675e+06 7.542389996445646882e+07 -1.029135505977153778e+07 -4.703794099661313929e+06
-4.792607825293276255e+04 3.967309851985134650e+06 -4.608865894569950178e+05 5.989193054050172941e+04 2.777947034954211675e+06 4.560847678642606363e+06 1.110821872606530339e+08 -1.532260559269577637e+07 -7.531785012612379156e+06
-2.999744722415434662e+06 8.511170826251703501e+07 -2.687123699270758033e+07 2.167091844728855044e+07 7.542389996445646882e+07 1.110821872606530339e+08 5.352535766057041168e+09 -1.050548496685674787e+09 -1.647629991640219986e+08
1.012765295607708627e+06 -1.447674785829922184e+07 8.660711353710096329e+06 -1.050000239247935824e+07 -1.029135505977153778e+07 -1.532260559269577637e+07 -1.050548496685674787e+09 4.078715899469402432e+08 3.137302109804788232e+07
7.666315394247521181e+04 -8.119768258313032798e+06 7.091441589049702743e+05 -1.359171125091076246e+05 -4.703794099661313929e+06 -7.531785012612379156e+06 -1.647629991640219986e+08 3.137302109804788232e+07 1.586774695347106829e+07
