# H0 logA nrun ns ombh2 omch2 tau w wa
1.902802606793238283e+03 -4.244649419645349553e+04 -3.181352579314615650e+04 -5.047127104877454258e+04 -2.342716373503957409e+06 6.622849304934394313e+05 7.996912058535250253e+04 -5.650300718086381676e+04 1.536584498728099061e+04
-4.244649419645349553e+04 4.400031228871406987e+06 2.519621106624360196e+06 4.158199695380869322e+06 8.928257916155293584e+07 -1.506133874660770968e+07 -8.370956271302293055e+06 1.274062083567478694e+06 -3.501094887728373287e+05
-3.181352579314615650e+04 2.519621106624360196e+06 1.900893528984375298e+06 2.886930221689743921e+06 7.711946924868838489e+07 -1.053844564225019887e+07 -4.832023849878959358e+06 9.507048941704885801e+05 -2.600933025062699744e+05
-5.047127104877454258e+04 4.158199695380869322e+06 2.886930221689743921e+06 4.877710627516212873e+06 1.187787234763011485e+08 -1.639983865324873850e+07 -7.971741048989316449e+06 1.508520970065927366e+06 -4.128111041088604834e+05
-2.342716373503957409e+06 8.928257916155293584e+07 7.711946924868838489e+07 1.187787234763011485e+08 4.956573568523455620e+09 -8.179822290785740614e+08 -1.755763446561320424e+08 6.950830969419166446e+07 -1.888009375188366324e+07
6.622849304934394313e+05 -1.506133874660770968e+07 -1.053844564225019887e+07 -1.639983865324873850e+07 -8.179822290785740614e+08 2.828628756739002466e+08 3.325284531190251559e+07 -1.953529969136231765e+07 5.271442461100213230e+06
7.996912058535250253e+04 -8.370956271302293055e+06 -4.832023849878959358e+06 -7.971741048989316449e+06 -1.755763446561320424e+08 3.325284531190251559e+07 1.651227811111361720e+07 -2.380708858603785280e+06 6.487091471497226739e+05
-5.650300718086381676e+04 1.274062083567478694e+06 9.507048941704885801e+05 1.508520970065927366e+06 6.950830969419166446e+07 -1.953529969136231765e+07 -2.380708858603785280e+06 1.679896577682674862e+06 -4.572502271699295379e+05
1.536584498728099061e+04 -3.501094887728373287e+05 -2.600933025062699744e+05 -4.128111041088604834e+05 -1.888009375188366324e+07 5.271442461100213230e+06 6.487091471497226739e+05 -4.572502271699295379e+05 1.245576051185298275e+05
