# H0 logA nrun ns ombh2 omch2 tau w wa
2.856959346749637461e+03 -4.122658228035252250e+04 -3.154055969690153506e+04 -4.792607825293276255e+04 -2.999744722415434662e+06 1.012765295607708627e+06 7.666315394247521181e+04 -8.486570449194173852e+04 2.326145584506408704e+04
-4.122658228035252250e+04 4.300837383481536061e+06 2.479826661064619664e+06 3.967309851985134650e+06 8.511170826251703501e+07 -1.447674785829922184e+07 -8.119768258313032798e+06 1.241809435034378432e+06 -3.435780900256697787e+05
-3.154055969690153506e+04 2.479826661064619664e+06 1.901136660275032278e+06 2.777947034954211675e+06 7.542389996445646882e+07 -1.029135505977153778e+07 -4.703794099661313929e+06 9.459126421694351593e+05 -2.608705090026730904e+05
-4.792607825293276255e+04 3.967309851985134650e+06 2.777947034954211675e+06 4.560847678642606363e+06 1.110821872606530339e+08 -1.532260559269577637e+07 -7.531785012612379156e+06 1.437295378064216115e+06 -3.963595157995311893e+05
-2.999744722415434662e+06 8.511170826251703501e+07 7.542389996445646882e+07 1.110821872606530339e+08 5.352535766057041168e+09 -1.050548496685674787e+09 -1.647629991640219986e+08 8.915347979651510715e+07 -2.444639295867137611e+07
1.012765295607708627e+06 -1.447674785829922184e+07 -1.029135505977153778e+07 -1.532260559269577637e+07 -1.050548496685674787e+09 4.078715899469402432e+08 3.137302109804788232e+07 -2.996188098724035546e+07 8.177804571598069742e+06
7.666315394247521181e+04 -8.119768258313032798e+06 -4.703794099661313929e+06 -7.531785012612379156e+06 -1.647629991640219986e+08 3.137302109804788232e+07 1.586774695347106829e+07 -2.291049308617565315e+06 6.291802720854207873e+05
-8.486570449194173852e+04 1.241809435034378432e+06 9.459126421694351593e+05 1.437295378064216115e+06 8.915347979651510715e+07 -2.996188098724035546e+07 -2.291049308617565315e+06 2.522999846488303971e+06 -6.919383938107852591e+05
2.326145584506408704e+04 -3.435780900256697787e+05 -2.608705090026730904e+05 -3.963595157995311893e+05 -2.444639295867137611e+07 8.177804571598069742e+06 6.291802720854207873e+05 -6.919383938107852591e+05 1.898654468324089539e+05
