3.491759863628031368e+00
1.667027449356670799e+00
1.215699555054706504e+00
8.722498896523415146e-01
5.465100486792422441e-01
2.862394617731147672e-01
1.311322970774540797e-01
7.024262496389854782e-02
6.046004748022630604e-02
6.084678733565592607e-02
5.290673065412697385e-02
3.886482167589024733e-02
2.782399794010984029e-02
2.407812611372236317e-02
2.476287317387810410e-02
2.453718212646457605e-02
2.074762556222404727e-02
1.471872209032300607e-02
9.449225417970150143e-03
6.741864552136813890e-03
6.202460161128164548e-03
6.260365106211817493e-03
5.737246615936405711e-03
4.562079362771333073e-03
3.373748111040383683e-03
2.710914506611889190e-03
2.572719878706352260e-03
2.573726208830758814e-03
2.368043932215535032e-03
1.911321212632878432e-03
1.401058197570329835e-03
1.044625475788282451e-03
8.936279287219237207e-04
8.530340050691793616e-04
8.009257931237219377e-04
6.885611776272939190e-04
5.492183913601415314e-04
4.397911632256008190e-04
3.839656765398440042e-04
3.616133125063584054e-04
3.153137283661341787e-04
2.108442361771635629e-04
1.447787592661322546e-04
1.189140611317275761e-04
8.716492482725677628e-05
5.748195329683261428e-05
3.228243962721593849e-05
1.837884919450653550e-05
8.481815145573669192e-06
2.987317374841213720e-06
1.191679445362306312e-06
5.173828911885677417e-07
2.817490836489664162e-07
1.969247791286018001e-07
1.454084581271269345e-07
1.123327890018581981e-07
8.933870564260099493e-08
7.264331992457139194e-08
6.001833014837913663e-08
5.022352009027627467e-08
4.246009310672264831e-08
3.621207976706470796e-08
3.112267679745884462e-08
2.692951913731032316e-08
2.343845455791231308e-08
2.050920215402150991e-08
1.803587246758267687e-08
1.593376763637935468e-08
1.413682654051354161e-08
1.259324311035399384e-08
1.125900735551302970e-08
1.009795465639871528e-08
9.083879900604457513e-09
8.196774285216320114e-09
7.418250178673238358e-09
6.731978942984212448e-09
6.124667462524822371e-09
5.584690732698073962e-09
5.102211359120680707e-09
4.670624694703402474e-09
4.285171720046445995e-09
3.940308653725286468e-09
3.630020088728453858e-09
3.349491332804093174e-09
3.095059055139586615e-09
2.863782839092336829e-09
2.653828324190616602e-09
2.463854344525744832e-09
2.291577610708369729e-09
2.134024296185415830e-09
1.989050624285881396e-09
1.855625359912105795e-09
1.733097157730560823e-09
1.620939335777061970e-09
1.518518942251820213e-09
1.424529822382949215e-09
1.337278562207855849e-09
1.255805079854605670e-09
1.180110839690734323e-09
1.110315138874540136e-09
1.046156921667938738e-09
9.870408572826610650e-10
9.320580630749004393e-10
-5.435959587007925965e-04
-1.415311534735080173e-02
-1.234672312128626270e-02
-2.393852314143696432e-03
6.089534496266390574e-03
7.987897154703375857e-03
4.516654720660569569e-03
6.703995270998790602e-05
-2.010436611750912074e-03
-1.426740173719172420e-03
-2.248781782088621068e-05
4.575176338322797429e-04
-2.503894730393987260e-04
-1.206275405946800622e-03
-1.452249145369619195e-03
-8.564043413125632361e-04
-1.890595261555136559e-05
4.087197845462032185e-04
2.606833985908313996e-04
-1.463803034000901986e-04
-4.031847757809497957e-04
-3.551428270963235276e-04
-1.423552358146951515e-04
7.762213913881604546e-06
-6.840228068343069440e-06
-1.179795771604860602e-04
-1.950648005035670262e-04
-1.715463760455601021e-04
-8.160479776101501692e-05
-4.176562254224567535e-06
1.279588251951050715e-05
-1.893149549094830873e-05
-5.503515672285943930e-05
-6.307684627617670325e-05
-4.376258676938204388e-05
-1.945923030698275177e-05
-9.354277447802974939e-06
-1.512260386429192260e-05
-2.510733410062007955e-05
-2.782151178126054882e-05
-1.608237200838119157e-05
-4.579668634848360143e-06
-8.310124802627440752e-06
-7.231193187302407136e-06
-3.356439589519803045e-06
-3.463369974264099242e-06
-1.392882076046950218e-06
-1.009038182283867856e-06
-4.210151244509501650e-07
-1.373073494599146129e-07
-4.564376898979098066e-08
-1.595660957099397860e-08
-6.981910893895756783e-09
-4.239709519834274328e-09
-2.804893444493173784e-09
-1.999683394355233177e-09
-1.498413489714032945e-09
-1.166678686410784640e-09
-9.319123119505631179e-10
-7.593100799972554993e-10
-6.279427640787751735e-10
-5.256848898718964575e-10
-4.445355685098838210e-10
-3.791986770637439584e-10
-3.259447630017979844e-10
-2.820751659212799463e-10
-2.455954386359520424e-10
-2.150190213500871544e-10
-1.892041791446894944e-10
-1.672565600483490985e-10
-1.484834061970270829e-10
-1.323415923216267375e-10
-1.183894394038853422e-10
-1.062677900260975119e-10
-9.569100486801688359e-11
-8.642590518829789576e-11
-7.827649584226658986e-11
-7.108224165183894689e-11
-6.471243420017225224e-11
-5.905396073257338472e-11
-5.400897816091600133e-11
-4.949811397629553739e-11
-4.545590208785188356e-11
-4.182427634834048091e-11
-3.855288977625547639e-11
-3.560024080625099282e-11
-3.292898564219433977e-11
-3.050520558500801511e-11
-2.830123472583147127e-11
-2.629512759137035494e-11
-2.446625990725299420e-11
-2.279540693640201785e-11
-2.126642647055044107e-11
-1.986500401124751705e-11
-1.857745817054488524e-11
-1.739247508083631721e-11
-1.630149439814146850e-11
-1.529598542930671901e-11
-1.436718055433145261e-11
-1.350764960060225441e-11
-1.271152480675638084e-11
-1.197312001387842155e-11
-1.128759336259286101e-11
3.222731848509171075e-04
4.678883912607082569e-04
3.021769164902106831e-04
1.224315599081818784e-04
2.541238364467282118e-04
6.308986523991990791e-04
9.036464340741245460e-04
8.300751011105832276e-04
5.023325652965151926e-04
2.188748576500143539e-04
1.840985839031287813e-04
3.455107684921319001e-04
4.915283911207635713e-04
4.705342050580725100e-04
3.109618064479516644e-04
1.575855975186539839e-04
1.202150537267605623e-04
1.865205525877471494e-04
2.598727960108842367e-04
2.604569872367990392e-04
1.884320107517305752e-04
1.045975581047739857e-04
6.519763953086493062e-05
7.704336495532724443e-05
1.049677795129111966e-04
1.117756476726143854e-04
8.904385373127844227e-05
5.594162434866366946e-05
3.581527265662768516e-05
3.585190754436177709e-05
4.556515894467886527e-05
5.005904594884065550e-05
4.315272122344542308e-05
2.981319103998454246e-05
1.901155659428532824e-05
1.547231488579527137e-05
1.720550071776840437e-05
1.905696395865372536e-05
1.766987729232014225e-05
1.352261154046827779e-05
8.273927264149714240e-06
7.419388968248570568e-06
6.773599473122989957e-06
3.911645522790823542e-06
2.901187962680852726e-06
2.196182264878827887e-06
1.159838297654525445e-06
6.469089827798883017e-07
2.916765135819376070e-07
9.582777105700335130e-08
3.322693551047019540e-08
1.203394738937381140e-08
5.473252520998262607e-09
3.364398284210270191e-09
2.251183807282959728e-09
1.608544404212893794e-09
1.209590509087781038e-09
9.427662514083424973e-10
7.544984518879639084e-10
6.156537617999855841e-10
5.100011889684390057e-10
4.276226754417761160e-10
3.621883788606682952e-10
3.094279578331549387e-10
2.663556226229947145e-10
2.308190228607222969e-10
2.012297789705577932e-10
1.763922817908550433e-10
1.553913409709071122e-10
1.375165650631069611e-10
1.222099005991333583e-10
1.090289429128509400e-10
9.762044583979920075e-11
8.770002831876817081e-11
7.903627777926706297e-11
7.143895541948061934e-11
6.475069216596909317e-11
5.884095077417812907e-11
5.360123868083150655e-11
4.894109219885292494e-11
4.478448662614295077e-11
4.106669214190597167e-11
3.773214823571679401e-11
3.473324848281732973e-11
3.202944948185554801e-11
2.958625106788609132e-11
2.737405316260937997e-11
2.536709348403927655e-11
2.354264661374472681e-11
2.188062708241791720e-11
2.036355690488242988e-11
1.897646409169731965e-11
1.770644107395075779e-11
1.654205958007562472e-11
1.547292192940923957e-11
1.448946773706701615e-11
1.358308650323448585e-11
1.274633177186319307e-11
1.197294184489174969e-11
1.125753642211780434e-11
1.059516477827782817e-11
9.981088220106329641e-12
9.410855036502088291e-12
1.981514048658435695e-06
2.012080197569022574e-06
2.083590233144765008e-06
2.207704115040188167e-06
2.258032074315733129e-06
2.147387714236046992e-06
1.929867491854545560e-06
1.730189024224831942e-06
1.616937435052519310e-06
1.558501980318269422e-06
1.482139899358224805e-06
1.354351301925644337e-06
1.203092062803036121e-06
1.077018201504250867e-06
9.956983556917249208e-07
9.386282811801319252e-07
8.732243994075742046e-07
7.868229549724152864e-07
6.931371285160499354e-07
6.139085206758781356e-07
5.581053139837888560e-07
5.173576772104046905e-07
4.773286846579221917e-07
4.310861538581374951e-07
3.825895701311268035e-07
3.400489546981254502e-07
3.075524236967853159e-07
2.824854487017409509e-07
2.592921915626652939e-07
2.346672712839501368e-07
2.094609426362580364e-07
1.866488940923274435e-07
1.681519927224794853e-07
1.534330592962250477e-07
1.404954039016849634e-07
1.277716711313957066e-07
1.151180779834689913e-07
1.033846497861753567e-07
9.333555413855627927e-08
8.497853466928784765e-08
7.431113574814973487e-08
6.132550796678325029e-08
5.056116399143844698e-08
4.235869584373759308e-08
3.547892732511226496e-08
2.740389384678742091e-08
1.973023327095821006e-08
1.446358920352307746e-08
9.532330278625676128e-09
5.734389147536341211e-09
3.686216265741877946e-09
2.425617468414601489e-09
1.733581433529538610e-09
1.372853408342826114e-09
1.104775226200321903e-09
9.013445498286486205e-10
7.441741585412184427e-10
6.208414268844424822e-10
5.227380853781324295e-10
4.437641337990975745e-10
3.795109482705671282e-10
3.267345959399974131e-10
2.830110676497065976e-10
2.465045380449405136e-10
2.158067055529645076e-10
1.898242909081556281e-10
1.677002490322236817e-10
1.487567556054747076e-10
1.324527522565050416e-10
1.183528325281462813e-10
1.061043900665621786e-10
9.541981544324471344e-11
8.606261285464450180e-11
7.783728952289652934e-11
7.058164377553476570e-11
6.416029844419678261e-11
5.845956763598302237e-11
5.338370199219046380e-11
4.885172462869144294e-11
4.479459159443301853e-11
4.115313338618971632e-11
3.787675936258762207e-11
3.492219258749680935e-11
3.225215545713378046e-11
2.983429240168526243e-11
2.764032153495167260e-11
2.564542897409209690e-11
2.382790135344860185e-11
2.216891669395880042e-11
2.065215122468373398e-11
1.926327408854382288e-11
1.798957209639386659e-11
1.681974665298341164e-11
1.574370116209652238e-11
1.475240413726118673e-11
1.383787403135442467e-11
1.299307983118416554e-11
1.221174232842142011e-11
1.148818037307091247e-11
1.081728789563538578e-11
1.019452534518817317e-11
9.615861404763397292e-12
9.077677509747101650e-12
2.037529729799031303e-07
1.575063177178446132e-07
1.185779639847237143e-07
9.061007812853376280e-08
7.181452465773919415e-08
5.859222265218870518e-08
4.879752967907427131e-08
4.122166929829649657e-08
3.520426721408781352e-08
3.036093648816883996e-08
2.642848861919747274e-08
2.321869144673546164e-08
2.058196680720055225e-08
1.839618570991398734e-08
1.656271581108369036e-08
1.500432986917687885e-08
1.366272511639440016e-08
1.249518367033855662e-08
1.147085166918942932e-08
1.056723453761061030e-08
9.767309825534380801e-09
9.057416385278388733e-09
8.425916496410158891e-09
7.862511436920910930e-09
7.357977231410658231e-09
6.904131654895091838e-09
6.493869074970794887e-09
6.121201022655990001e-09
5.781220207273044762e-09
5.469962104049652782e-09
5.184211244538784659e-09
4.921314855665073948e-09
4.679031074082592650e-09
4.455405833551396415e-09
4.248677199886851816e-09
4.057219210652817321e-09
3.879533405850886691e-09
3.714263589354743308e-09
3.560199480201510223e-09
3.416269295383047173e-09
3.218351612445259724e-09
2.980696971019068525e-09
2.770331046864631663e-09
2.583267933432440127e-09
2.416169087608351417e-09
2.198532830290523873e-09
1.952692143745701935e-09
1.749061944615005572e-09
1.505804103952119635e-09
1.255396944153612218e-09
1.066922256255216478e-09
9.093314837744102234e-10
7.980316565789159571e-10
7.268514228832593572e-10
6.654408871120076283e-10
6.120124251335304083e-10
5.651815881037083566e-10
5.238579828532052390e-10
4.871739348586728186e-10
4.544301327459924218e-10
4.250582612438437211e-10
3.985916870043146918e-10
3.746438483941928786e-10
3.528922720830238357e-10
3.330659065297129920e-10
3.149354054101524439e-10
2.983055017056359689e-10
2.830090320910128706e-10
2.689021417744178487e-10
2.558603058000659397e-10
2.437752797068417880e-10
2.325529021871187970e-10
2.221104302239876098e-10
2.123745431360011634e-10
2.032813549620538988e-10
1.947736152866791540e-10
1.868002333121852940e-10
1.793182587562920065e-10
1.722859318958357153e-10
1.656642049914062305e-10
1.594229892910343903e-10
1.535354336449981805e-10
1.479747397793580276e-10
1.427141215717566081e-10
1.377286208200878785e-10
1.330003629289345507e-10
1.285144461650987864e-10
1.242560356208846222e-10
1.202102978270257241e-10
1.163623986161890178e-10
1.126975061157613973e-10
1.092009181206221087e-10
1.058607084633804836e-10
1.026692863622753112e-10
9.961975792626074202e-11
9.670522810553428058e-11
9.391880268242500417e-11
9.125358736724743916e-11
8.870268944021426074e-11
8.625921404181985407e-11
8.391626808386043352e-11
8.166695813268697179e-11
7.950439459990697499e-11
