# binned_pk_stats_7bin
# one row per quantity: the name, then its values
p_act_means 1.9918671294483696 2.0131503808751146 1.9644392512868094 1.8998491068605734 1.8556744134576373 1.8346698728562385 1.7689159282387612
p_act_lower_errs 0.11240952944836957 0.035577880875114376 0.018252151286809237 0.011653406860573368 0.008503663447991805 0.01258477285623849 0.19760142823876126
p_act_upper_errs 0.11270847055163036 0.03588331912488529 0.018105248713190525 0.011582293139426492 0.009097906989539384 0.012426327143761462 0.2051666717612386
p_act_tot_err 0.11295269442285515 0.035929750386441084 0.01846488255379837 0.01166149472453748 0.008988491125671518 0.01254668834307071 0.20583958711411995
p_act_pk_means 2.2487365481195947 2.272824952212059 2.2178525469160744 2.144944193402259 2.0950867317211213 2.0713696846246474 1.9970357819224018
p_act_pk_lower_errs 0.12654091643430965 0.042831995087397434 0.026751851484557942 0.022623133424228836 0.02202317231260853 0.023563997466868436 0.22428089461261513
p_act_pk_upper_errs 0.12672791041719655 0.04310111613460155 0.026669809507795073 0.02233513554702382 0.021981111205042314 0.023774937934360363 0.2322699212908157
p_act_pk_tot_err 0.1272849567906872 0.04305612274128355 0.02701881927127609 0.02257268262311849 0.02216393260699891 0.023863530871682036 0.2323729521148985
pas_desi_means 1.9779754882832141 2.0088773482599276 1.9609960419836678 1.892711262466576 1.8538916823432272 1.8284150956035878 1.8337495040157659
pas_desi_lower_errs 0.10943988828321394 0.03301114825992735 0.014726241983667787 0.009029062466575866 0.005852482343227328 0.009393895603587943 0.16707320401576586
pas_desi_upper_errs 0.10886731171678576 0.03307805174007239 0.01470145801633227 0.009074737533423916 0.00585061765677275 0.009449304396412117 0.16827699598423407
pas_desi_tot_err 0.11002539641614463 0.03315790256428969 0.014801195003504075 0.009082134273986004 0.005876581712973805 0.009444879357535779 0.16704951756332273
pas_desi_pk_means 2.2384939869874536 2.2735395639360405 2.2193702013947303 2.1420953188715033 2.0981754938033816 2.069341135962285 2.0752735476862862
pas_desi_pk_lower_errs 0.12379144808740072 0.04060144815523037 0.02480239202554113 0.0211467458395882 0.02075554605260521 0.02203910152229227 0.18916850357806103
pas_desi_pk_upper_errs 0.12307744240480867 0.04063356639783011 0.024819079114844378 0.02112741906920057 0.020736273814232487 0.02205357064504021 0.18889947891946113
pas_desi_pk_tot_err 0.12424752097126834 0.04091103536734658 0.02495699173478201 0.02130485761129321 0.020970867614507515 0.022267020807488592 0.1889343345788575
pas_means 2.000956318721299 2.0192694385104772 1.978835357143106 1.9106343818326477 1.8562367750821271 1.82496028562993 1.7708963012645387
pas_lower_errs 0.11051911872129927 0.033348038510477185 0.01590665714310613 0.010577681832647734 0.005868775082127131 0.009475785629930122 0.16225540126453875
pas_upper_errs 0.11009768127870112 0.033521361489523116 0.015873342856894013 0.01059461816735241 0.005866024917873025 0.00947791437006984 0.1622603987354614
pas_tot_err 0.11109111006756839 0.033651045662146765 0.016003231341595005 0.010630384593528495 0.0059055417577738994 0.009515822768279034 0.1635422416345849
pas_pk_means 2.2323946816766136 2.252907605189413 2.207800957084147 2.131715747792366 2.0710604522489504 2.036171983355203 1.9758158671880777
pas_pk_lower_errs 0.12269195208263284 0.04114072434339455 0.024969692258542953 0.021497828048441026 0.022371443615115005 0.02411682974956042 0.18193748019109024
pas_pk_upper_errs 0.12270099154293312 0.04118712015393777 0.02500702010124156 0.021529729868202896 0.02218548021176714 0.024045674661025362 0.18226149524515733
pas_pk_tot_err 0.12366943607970556 0.04133933081684722 0.025144549845134888 0.021521114557006015 0.022359680978626326 0.024192234653598613 0.18335114932699917
