# binned_pk_stats_30bin
# one row per quantity: the name, then its values
p_act_means 2.809856380465952 2.5101367778329453 1.9676158734994569 1.9826063227451995 1.9703654512144528 2.0789389718036104 1.7799024992331467 2.170202908481871 1.8447860005176009 1.9161617695320177 1.8919059612465055 1.864671237299551 1.953585965420589 1.8779204509727614 1.874042388229597 1.848819808467282 1.8801066309151642 1.8349363150921023 1.8484234070026315 1.8239029259549189 1.8697600673810115 1.802928150178515 1.8394351121853654 1.847648545618226 1.8592206577621382 1.8045840817443561 2.0345503591043137 3.1563822462916526 6.553182198432395 1.3658348732560044
p_act_lower_errs 2.809856380465952 1.0151810611774612 0.2928273881062695 0.12215042274519972 0.052731951214452844 0.07621337180361021 0.13293519923314667 0.21347310848187084 0.0971958005176008 0.03571536953201759 0.03228126124650532 0.03131703729955104 0.03386516542058904 0.033898850972761574 0.0278812882295969 0.02113230846728209 0.017061430915164433 0.01828451509210227 0.01898240700263165 0.0172588259549189 0.01666546738101138 0.018215750178514956 0.020715812185365223 0.0271896456182259 0.04007425776213824 0.0768775817443561 0.18626555910431364 0.728909046291653 3.5186295407185817 1.3658348732560044
p_act_upper_errs 0.6304735195340476 0.4636195780541512 0.25474077465194367 0.12163307725480044 0.05268504878554725 0.07676672819638952 0.13237170076685345 0.21418949151812905 0.09636589948239904 0.03562003046798212 0.032017038753494376 0.0312638627004489 0.03417873457941112 0.03373834902723871 0.02800981177040307 0.020916191532718065 0.017018169084835888 0.018264884907897683 0.018907892997368503 0.017344374045081157 0.016555132618988333 0.018324149821485003 0.020763087814634762 0.027215554381774032 0.03973304223786167 0.07732121825564375 0.18722704089568643 0.7307940537083475 2.6719071784257915 0.1866723267439956
p_act_tot_err 2.0479701175822087 0.8600137933370624 0.27877807531275395 0.12261405449799109 0.05309419574569352 0.07659689385153022 0.13136682270020522 0.21075849618455797 0.09489211615996399 0.03580106280719463 0.03204939864020227 0.03135466100119975 0.034243439671289296 0.03408509415879713 0.028234956556613445 0.021141142245639667 0.01724574993075767 0.018376958246383596 0.01914255277651054 0.017305525574410705 0.01657399093392949 0.018487201887079547 0.02082603280007457 0.02726084604945518 0.04002917703683829 0.07756448531513936 0.18886998475355882 0.7357128093334951 3.0756202184074635 1.3422473171233238
pas_desi_means 2.506052391418646 2.4448028351990665 2.029887920399928 1.9500194960896877 1.9588046115264814 2.0654968560635982 1.8561540119605595 2.036940342926284 1.8864253240683124 1.9070787905565827 1.8838768471619827 1.857794587154692 1.9486400409087887 1.8624723476163842 1.8705124200650478 1.8560198186374832 1.8770820031829025 1.8369080725682099 1.8373939935241972 1.8298028988965116 1.852949683482064 1.8249414143886389 1.8235421184993352 1.837078120401432 1.8188043023406582 1.8190608478414616 1.8902176271528084 2.8363785174651075 6.3867922939490755 0.537327045485786
pas_desi_lower_errs 2.506052391418646 0.8970833414212052 0.29731248126611987 0.12097309608968754 0.0428920115264817 0.06310935606359802 0.11318521196055942 0.18723084292628367 0.07931352406831249 0.027773990556582584 0.025591347161982636 0.029916987154692043 0.025783467972156693 0.029994847616384046 0.024064720065047673 0.01853411863748322 0.014119003182902379 0.01548267256821001 0.014866193524197158 0.01367699889651175 0.011617583482063987 0.013827814388638782 0.014909318499335189 0.019608920401431806 0.028707502340657998 0.05983034784146146 0.15710462715280848 0.6249156174651076 1.7673836939490757 0.537327045485786
pas_desi_upper_errs 0.597636208581354 0.5114191197611708 0.24090214393529719 0.12158340391031208 0.0426335884735185 0.06352564393640181 0.11322078803944047 0.18458225707371634 0.08071407593168778 0.027675009443417498 0.025649052838017328 0.029963412845307902 0.030134488258189762 0.030626652383615838 0.024038279934952334 0.01842738136251665 0.01412249681709743 0.015421427431790091 0.015145306475802922 0.01336140110348838 0.011691016517936026 0.013827685611361051 0.015053881500664668 0.019701779598568114 0.028640897659341746 0.062030952158538266 0.15933877284719178 0.6109867825348925 1.7590093060509249 0.05402455451421395
pas_desi_tot_err 1.8316697689170145 0.7909417810033229 0.2770906504384208 0.12117815622734528 0.04261624135367524 0.06381767185974956 0.11038249032878043 0.18068866465489505 0.07905829955694951 0.027848150260712336 0.025569465836751876 0.03027697764131754 0.027964825206521018 0.030792615695308178 0.02440365160120626 0.0185315066384407 0.014092218058305983 0.015392074570163412 0.015215635792851755 0.013493807286107414 0.011896745355402158 0.01386271951203219 0.015142310798799349 0.019715937062102774 0.02862581729756277 0.06083451176462276 0.1588681140781824 0.6313801254434792 1.7836471255374304 0.5905832561011446
pas_means 2.6400723011603704 2.5129880435020255 2.0448631187791264 1.9751179058290738 1.969383273734191 2.0812057370838133 1.8704402761957248 2.0448885601945714 1.920494371225034 1.9271735299970072 1.9060138082237523 1.875191437794494 1.9761129748921178 1.8833078399878318 1.8861220116077337 1.8579804431740867 1.8815723512056277 1.8403706693579625 1.8453602901237132 1.8302012592167538 1.852701487633716 1.82680501710981 1.8218894000969432 1.8372573838657669 1.8137545868823595 1.8173157909386213 1.8552764856126158 2.742008233230328 4.601209387772941 1.287361740692697
pas_lower_errs 2.6400723011603704 1.073103579335289 0.2662573187791264 0.11937680582907384 0.04253537373419092 0.0672976370838132 0.12000507619572498 0.19247016019457153 0.07148251890342294 0.029377629997006993 0.027025708223752165 0.03150953779449406 0.029824574892117983 0.03406193998783191 0.02633371160773379 0.01842894317408672 0.014334151205627643 0.015227769357962329 0.01633319012371315 0.013423959216753767 0.01223448763371593 0.014394017109810031 0.015881600096943282 0.02002908386576685 0.02912998688235957 0.057755390938621254 0.15405108561261582 0.5990384332303282 2.0319846877729404 1.287361740692697
pas_upper_errs 0.6723708988396297 0.5087905224319407 0.26740978122087355 0.12245969417092639 0.043747026265809286 0.0672245629161865 0.12004512380427523 0.18997603980542888 0.07950091872452703 0.029368970002992656 0.02683209177624768 0.031808962205505775 0.03053072510788235 0.03422356001216831 0.02635048839226628 0.01852795682591335 0.014263048794372457 0.015517030642037577 0.016213409876286722 0.01364234078324622 0.012345812366283848 0.01454438289019011 0.015931199903056692 0.020248916134233186 0.0287919131176404 0.058327609061378904 0.1548072143873842 0.5965626667696715 1.9857778122270586 0.276647559307303
pas_tot_err 2.130537347634791 0.8854192302362947 0.27410380518830524 0.11377220811045105 0.04333266667294045 0.06744550870026608 0.11721393755285123 0.1864500822360206 0.07588956240509502 0.029377573288633038 0.027172631498967623 0.031742372856555574 0.030506831278525413 0.03474105656595809 0.026606906504056206 0.018763719782969035 0.014381944797051316 0.015590387475462058 0.01641024325311317 0.013553850189926227 0.01237230971753425 0.014557994464009726 0.0158710080105025 0.020223787029161864 0.02926381386912178 0.05871876689559454 0.15408737036402972 0.5971243502182263 1.9803038712792067 1.0314226648702967
official_means 2.948589380672235 2.5739038156611267 1.9629363108171007 1.979666126534416 1.970017301142383 2.0794086386135056 1.7804136196788443 2.168088230269785 1.8452485840621644 1.915545674584249 1.8920595527815587 1.8630734356986818 1.957134060485011 1.8776597421797678 1.8673358542500327 1.8491201084005153 1.8801246726178118 1.835856515986654 1.8487239696233246 1.8243437274567436 1.86998640480894 1.8035218285529695 1.8399493408947614 1.8482439076000727 1.860294823993967 1.8084835770414207 2.0339299195668494 3.174890633638073 6.528174600712895 1.3127182738750407
official_lower_errs 2.948589380672235 1.0662426219421546 0.29740462958249037 0.12797393727238404 0.05304930114238293 0.07622903861350538 0.13614181967884442 0.21737063026978487 0.09757108406216441 0.03583147458424896 0.03184295278155869 0.03079573569868166 0.03403986048501095 0.03393814217976776 0.02938945425003281 0.020582808400515296 0.016763672617811753 0.018108915986654095 0.019155569623324542 0.017053327456743483 0.01659190480894024 0.01801152855296939 0.020415940894761286 0.02691110760007276 0.03944372399396712 0.07553347704142088 0.18528351956684963 0.7236518336380731 3.4847196098638706 1.3127182738750407
official_upper_errs 0.6490820193277651 0.4709449790910081 0.2619589123188828 0.11803110137745931 0.05298239885761724 0.07660746138649444 0.13681208032115566 0.2174968697302151 0.09712081593783561 0.03536692541575093 0.03168924721844135 0.03089796430131808 0.03395423951498899 0.03417735782023246 0.029188745749967104 0.020625791599484744 0.01670522738218816 0.018237584013345964 0.01915223037667535 0.016844872543256617 0.016512595191060075 0.018129471447030587 0.020577159105238607 0.026727492399927 0.03904037600603294 0.07528752295857921 0.1854952804331509 0.721308166361927 2.6448075425802413 0.17169562612495937
official_tot_err 2.168489082993614 0.9114510895697743 0.2820609317680248 0.12380446156235604 0.05311395769828104 0.07662528474677137 0.13387873188859697 0.21315762284983086 0.09568313131274733 0.03594405271363024 0.032015213930693884 0.03106264885227902 0.034192229870899225 0.034193223262249474 0.02967304924464765 0.020793826192956742 0.016852554142149367 0.01827153662026059 0.019263926191271662 0.017048312076929837 0.016657447782076583 0.018239545778671006 0.020607356257624148 0.02694594384126423 0.03956999070313171 0.07607210915136757 0.18696660128212755 0.7248714808397128 3.041885227163251 1.310776924011765
