# bin edges k [1/Mpc] (n_bins+1 values)
5.623413251903490700e-05
1.778279410038922969e-04
5.623413251903490971e-04
1.778279410038922969e-03
5.800739936386660987e-03
1.145831368575094857e-02
1.328704914371258566e-02
1.540764896033329327e-02
1.786669439671598539e-02
2.071820103686585965e-02
2.402480529822502778e-02
2.785914030810735659e-02
3.230543136864269527e-02
3.746133204785969534e-02
4.344008862594550546e-02
5.037307597348011923e-02
5.841258282031363408e-02
6.773517015967406296e-02
7.854562837383122220e-02
9.108145252069710374e-02
1.056178096118263604e-01
1.224741700278062784e-01
1.420210738235702652e-01
1.646874363908795436e-01
1.909713484295484653e-01
2.214502851567367037e-01
2.567938455337276937e-01
2.977780129693929911e-01
3.453026859409002447e-01
4.004130319957131534e-01
4.643190817989529817e-01
5.384238903544605881e-01
6.243557438588256403e-01
7.240022255195199818e-01
8.395521747225908049e-01
9.735437671833896411e-01
1.128920268635834168e+00
1.309094686748407677e+00
1.518024741413978473e+00
1.760299800214416566e+00
2.041241688688580247e+00
2.367021589806848958e+00
2.744795600471653607e+00
3.182861922684582012e+00
3.690843142248769304e+00
4.279897598949260917e+00
4.962964491178858850e+00
5.755048098989397509e+00
6.673547368825585302e+00
7.738638099615462451e+00
8.973716125335435834e+00
1.040591122901931165e+01
1.206668307687107955e+01
1.399251226279864824e+01
1.622570164288590178e+01
1.881530556195437853e+01
2.181820738364976719e+01
2.530036899313065035e+01
2.933827971899536635e+01
3.402063650153538532e+01
3.945029221397153663e+01
4.574651493359052523e+01
5.304760779003973425e+01
