# columns: k bin center [Mpc^-1]   fiducial Pk
1.000000000000000048e-04 2.610515342977174110e-09
3.162277660168379394e-04 2.507126515694043919e-09
1.000000000000000021e-03 2.407832377850581726e-09
3.162277660168379394e-03 2.312470760264218499e-09
1.064061648773734214e-02 2.216050820045906815e-09
1.233884828688023606e-02 2.204562982422980060e-09
1.430811619064580389e-02 2.193134696869914341e-09
1.659167729152642712e-02 2.181765654673342845e-09
1.923969247091560433e-02 2.170455548720245917e-09
2.231032823694412137e-02 2.159204073489654440e-09
2.587103441453804734e-02 2.148010925044395398e-09
3.000002575353810652e-02 2.136875801022884176e-09
3.478799999999999948e-02 2.125798400630954912e-09
4.034009999999999679e-02 2.114778480148645868e-09
4.677830000000000182e-02 2.103815693407545212e-09
5.424410000000000343e-02 2.092909633606354204e-09
6.290139999999999620e-02 2.082060155525058386e-09
7.294040000000000246e-02 2.071266916060084928e-09
8.458160000000000678e-02 2.060529640123487484e-09
9.808079999999999576e-02 2.049847967749898503e-09
1.137340000000000018e-01 2.039221963478817626e-09
1.318860000000000032e-01 2.028650703031613466e-09
1.529349999999999876e-01 2.018134275037926290e-09
1.773430000000000006e-01 2.007672530398299310e-09
2.056469999999999965e-01 1.997264830179702503e-09
2.384680000000000133e-01 1.986911178881172462e-09
2.765279999999999960e-01 1.976610996786054839e-09
3.206609999999999738e-01 1.966364524608676171e-09
3.718380000000000019e-01 1.956171074178610695e-09
4.311840000000000117e-01 1.946030270812124181e-09
5.000004863877667294e-01 1.935942205925250770e-09
5.798000073936029342e-01 1.925906436757867123e-09
6.723354431157747557e-01 1.915922692213157222e-09
7.796394313648512542e-01 1.905990702599648513e-09
9.040690166831503172e-01 1.896110199623926928e-09
1.048357425297982148e+00 1.886280916383391194e-09
1.215674103299792863e+00 1.876502587359040235e-09
1.409694336846702534e+00 1.866774948408303995e-09
1.634679983676183390e+00 1.857097736757904457e-09
1.895573089276128664e+00 1.847470690996760500e-09
2.198104444092605192e+00 1.837893551068924398e-09
2.548919466347114415e+00 1.828366058266557816e-09
2.955724175611349036e+00 1.818887955222943168e-09
3.427454463601978141e+00 1.809458985905531576e-09
3.974472380405838390e+00 1.800078895609025572e-09
4.608793747768155313e+00 1.790747430948500476e-09
5.344352099208170337e+00 1.781464339852557813e-09
6.197304744683400202e+00 1.772229371556517831e-09
7.186387682833580648e+00 1.763042276595644476e-09
8.333327156823644444e+00 1.753902806798406557e-09
9.663316894041075855e+00 1.744810715279774482e-09
1.120557151271768248e+01 1.735765756434550907e-09
1.299396825163212021e+01 1.726767685930736129e-09
1.506779111915854585e+01 1.717816260702928009e-09
1.747259380767501824e+01 1.708911238945756022e-09
2.026120032815083505e+01 1.700052380107348595e-09
2.349486534490008083e+01 1.691239444882836435e-09
2.724461969847008547e+01 1.682472195207887692e-09
3.159283067248500032e+01 1.673750394252276224e-09
3.663501127734065932e+01 1.665073806413485417e-09
4.248191829356295557e+01 1.656442197310342827e-09
4.926198516055058008e+01 1.647855333776689351e-09
